61842591 4075781 78546289 38723163 54296259 58332834 72221222 76060312 73789550 83838565 39249266 60702778 26036952 90167124 27699771 57168246 65617321 57904517 9278234 52505001 59643645 82803519 52686070 87324151 53568652 54078615 63385964 37751016 93829018 1918495 71361633 88248491 74406930 29532209 95299715
8314921 34913710 2884941 53777471 963349 70026715 64164289 79955530 74725282 20357033 38623679 66125006 73439290 30872072 3263549 17912741 32682148 55012614 4329732 13739959 24647410 63581494 46339150 25561726 95822938 54761946 12012533 90804743 4651809 45404222 72859638 77452579 63154172 69172447 73626867
24518860 30306484 8263886 12287085 85600270 20185300 6188842 40727578 56937426 43100133 71397805 74205441 30524204 76221723 86840745 37096588 45460956 19076056 67978531 52258178 9860620 96898348 69061170 14794853 68185691 49209530 98634485 65450803 77633152 11254100 55864506 11915871 58770443 12610715 15675488
2183515 42040554 80044320 10137374 45661875 94851660 37224143 28908570 2724302 48348702 44508728 98771569 90805728 69666819 78821178 61161903 24405786 77534353 73274535 76215634 88560734 61762241 84775311 49831132 8666688 23225179 82435779 47465250 83035711 72501480 1648704 99608922 31855821 66658091 44087642
24431906 28391955 38683492 85170914 48535293 63522577 764127 83936671 11240401 18378950 68935044 25939062 23389311 69364683 56209117 82882472 39337774 63723500 90617014 90483634 50402324 31300901 76918850 22757777 82749303 54942002 76125493 51904093 13820636 36848871 19319390 68131471 80129376 56793626 95862345
24498867 35614647 67447027 61696137 35426054 90076980 82818953 6862713 42603635 34020227 99717277 88588317 50981117 28720802 84015676 15370209 60062711 16088734 1312714 31028061 96971840 59890390 48893183 29209101 75942078 38649547 15388760 6862713 42603635 34020227 77577467 40655128 94054306 19452400 64991337
88842074 62575180 63835792 55705511 30855604 79451758 29423523 34377500 72976303 85633000 54478649 96499250 91764932 99535960 74671653 32064365 41092665 45456230 57737366 50635116 23667883 44740362 41638747 58991300 36669712 65796279 29423523 34377500 72976303 99717277 23389311 4331694 33331317 37487010 59923877
39112247 68000196 96357248 20201108 84319296 30945346 65796279 53697639 90975187 42837490 75419884 77320611 54531734 63032667 43589430 89211288 90381267 45480086 57882634 40513196 69446833 78221446 98552569 65051316 86691725 11304763 91120738 53697639 85633000 88588317 69364683 21707681 13776988 71897925 53761820
36996828 89936676 74616728 23607103 93810141 80848410 36669712 91120738 56939340 80570802 17203398 92015724 5388429 69451246 37698618 94812528 3443661 82044693 98013027 47231792 60277409 60949252 56448839 46225605 75981731 87432480 48216855 90975187 54478649 50981117 56209117 3500645 5200857 5556927 58741395
42691669 75012462 42056652 87544699 47164195 56273236 58991300 11304763 19701899 83337900 29747706 30639539 54646830 88255096 47159363 65907570 93903144 1399516 87422869 7267015 19764438 24380035 10059961 10752972 39106282 15013312 19701899 42837490 96499250 28720802 82882472 77534353 75189696 78653234 60106567
27254248 4345791 81005196 29557082 2194578 61853746 41638747 86691725 48216855 20310550 71157668 59887687 36874462 28865278 6190029 76422675 62042896 34428245 42301094 84161170 68925174 32093600 79078957 46430019 71157668 20310550 56939340 75419884 91764932 84015676 39337774 73274535 97989359 17099263 10175640
16379998 92077306 32091272 11092771 55422220 47698699 78083813 65051316 47255908 57727656 8165819 53775941 71128103 15848500 54011009 12599333 63644237 9772340 25432869 14683063 17965691 85612722 33486691 53775941 92015724 17203398 80570802 77320611 99535960 15370209 63723500 76215634 12322752 83556907 35604833
33633183 7054176 59140985 84942306 8808037 75259269 68479663 36120902 97543984 25419962 82907528 81554238 87002310 69136727 27632013 25549470 17328300 95799755 81169470 19489574 17069254 19541016 87002310 90381267 89211288 43589430 63032667 54531734 74671653 60062711 90617014 88560734 41154226 81057184 35122953
46677242 83562860 25954898 28601713 23183065 71492951 6712459 43958651 82491474 95029102 56442671 62128677 28567949 53468499 50195710 31931780 61990524 2780558 41688759 64879495 18327591 53468499 44740362 23667883 50635116 57737366 45456230 41092665 32064365 16088734 90483634 61762241 14794853 9084225 44983993
10655095 99753158 53396698 68345843 24148953 32792836 91680892 9999605 61162042 84081561 93033496 19271750 44753832 24264830 65030632 63680959 89356321 20732633 42379145 94450630 65030632 15388760 38649547 75942078 29209101 48893183 59890390 96971840 31028061 1312714 50402324 84775311 68185691 94179595 25849048
87107645 93405938 73462209 29600133 61335591 68895313 83921794 6781796 93082789 37853418 53586262 99470136 61975664 42995983 25381115 27756850 51670577 11673865 79276139 27756850 77577467 19319390 36848871 13820636 51904093 76125493 54942002 82749303 22757777 76918850 31300901 49831132 49209530 67385670 13337908
99768969 29122446 65506647 75927905 35549466 22702488 44425201 10621617 15816183 58973982 46641778 76539161 89754035 83171064 29811982 553637 63397526 85570690 63397526 3500645 21707681 4331694 40655128 68131471 99608922 1648704 72501480 83035711 47465250 82435779 23225179 8666688 98634485 4651809 24815879
79096784 67006619 54305299 41254015 23825243 63167325 22727130 78655392 4973828 55390112 28875495 37184119 50895077 88565632 75238148 1526714 67454777 41154226 12322752 97989359 75189696 5200857 13776988 33331317 94054306 80129376 31855821 58770443 11915871 55864506 11254100 77633152 65450803 45404222 67196515
52732087 68833569 84484742 91643453 19155178 22972630 89124861 92191840 37917430 26036236 50605927 17961383 87387637 84624143 51838240 64544198 67385670 94179595 9084225 81057184 83556907 17099263 78653234 5556927 71897925 37487010 19452400 56793626 66658091 12610715 69172447 63154172 77452579 72859638 83352
24195466 19254443 44363078 13147904 55344681 82390365 81419403 61870543 62144103 38746759 99497737 88813748 26843833 55099909 93812968 83352 67196515 24815879 13337908 25849048 44983993 35122953 35604833 10175640 60106567 58741395 53761820 59923877 64991337 95862345 44087642 15675488 73626867 95299715 29532209